total - 19 octapeptides
ALA-ALA-ALA-ALA-ALA-ALA-ALA-ALA: 1.4123895463990732
ALA-ASN-GLY-GLU-LEU-ILE-CYS-ALA: 1.5638379329889045
ARG-ALA-ALA-ALA-ALA-ALA-ALA-ARG: 1.2088392132691477
ASN-ASN-ASN-ASN-ASN-ASN-ASN-ASN: 1.4067503906590184
ASP-ASP-ASP-ASP-ASP-ASP-ASP-ASP: 0.990319744927286
CYS-CYS-CYS-CYS-CYS-CYS-CYS-CYS: 1.8606384366709678
GLN-GLN-GLN-GLN-GLN-GLN-GLN-GLN: 1.186053621686176
GLU-GLU-GLU-GLU-GLU-GLU-GLU-GLU: 0.9975358395977272
GLY-GLY-GLY-GLY-GLY-GLY-GLY-GLY: 1.482668236851019
ILE-ILE-ILE-ILE-ILE-ILE-ILE-ILE: 1.980436259304474
LEU-LEU-LEU-LEU-LEU-LEU-LEU-LEU: 1.8682944302629647
LEU-PHE-LEU-PHE-LEU-PHE-LEU-PHE: 2.0888207010658117
LYS-ALA-ALA-ALA-ALA-ALA-ALA-LYS: 1.2164015910245216
MET-MET-MET-MET-MET-MET-MET-MET: 1.7846664814307465
PHE-LEU-PHE-LEU-PHE-LEU-PHE-LEU: 2.09684314578958
PRO-PRO-PRO-PRO-PRO-PRO-PRO-PRO: 1.9277661675615927
SER-SER-SER-SER-SER-SER-SER-SER: 1.6664652705032292
THR-THR-THR-THR-THR-THR-THR-THR: 1.663733009234036
VAL-VAL-VAL-VAL-VAL-VAL-VAL-VAL: 2.11898007998228